0.00349066  0.000143529
0.010472  0.000143529
0.0174533  0.000117606
0.0244346  0.000117606
0.0314159  9.61221e-05
0.0383972  9.61221e-05
0.0453786  7.83643e-05
0.0523599  7.83643e-05
0.0593412  6.37254e-05
0.0663225  6.37254e-05
0.0733038  5.16898e-05
0.0802851  5.16898e-05
0.0872665  4.18208e-05
0.0942478  4.18208e-05
0.101229  3.375e-05
0.10821  3.375e-05
0.115192  2.71673e-05
0.122173  2.71673e-05
0.129154  2.18127e-05
0.136136  2.18127e-05
0.143117  1.74687e-05
0.150098  1.74687e-05
0.15708  1.39539e-05
0.164061  1.39539e-05
0.171042  1.11178e-05
0.178024  1.11178e-05
0.185005  8.83527e-06
0.191986  8.83527e-06
0.198968  7.00331e-06
0.205949  7.00331e-06
0.21293  5.53688e-06
0.219911  5.53688e-06
0.226893  4.3662e-06
0.233874  4.3662e-06
0.240855  3.43413e-06
0.247837  3.43413e-06
0.254818  2.69404e-06
0.261799  2.69404e-06
0.268781  2.10796e-06
0.275762  2.10796e-06
0.282743  1.64509e-06
0.289725  1.64509e-06
0.296706  1.28052e-06
0.303687  1.28052e-06
0.310669  9.94142e-07
0.31765  9.94142e-07
0.324631  7.69796e-07
0.331613  7.69796e-07
0.338594  5.94519e-07
0.345575  5.94519e-07
0.352557  4.57949e-07
0.359538  4.57949e-07
0.366519  3.51826e-07
0.3735  3.51826e-07
0.380482  2.69586e-07
0.387463  2.69586e-07
0.394444  2.06026e-07
0.401426  2.06026e-07
0.408407  1.57037e-07
0.415388  1.57037e-07
0.42237  1.19381e-07
0.429351  1.19381e-07
0.436332  9.0515e-08
0.443314  9.0515e-08
0.450295  6.84471e-08
0.457276  6.84471e-08
0.464258  5.16223e-08
0.471239  5.16223e-08
0.47822  3.883e-08
0.485202  3.883e-08
0.492183  2.91301e-08
0.499164  2.91301e-08
0.506145  2.17951e-08
0.513127  2.17951e-08
0.520108  1.62637e-08
0.527089  1.62637e-08
0.534071  1.21037e-08
0.541052  1.21037e-08
0.548033  8.98375e-09
0.555015  8.98375e-09
0.561996  6.65019e-09
0.568977  6.65019e-09
0.575959  4.90959e-09
0.58294  4.90959e-09
0.589921  3.61486e-09
0.596903  3.61486e-09
0.603884  2.65442e-09
0.610865  2.65442e-09
0.617847  1.94392e-09
0.624828  1.94392e-09
0.631809  1.41977e-09
0.638791  1.41977e-09
0.645772  1.03415e-09
0.652753  1.03415e-09
0.659734  7.51236e-10
0.666716  7.51236e-10
0.673697  5.44244e-10
0.680678  5.44244e-10
0.68766  3.93219e-10
0.694641  3.93219e-10
0.701622  2.83333e-10
0.708604  2.83333e-10
0.715585  2.03601e-10
0.722566  2.03601e-10
0.729548  1.45909e-10
0.736529  1.45909e-10
0.74351  1.0428e-10
0.750492  1.0428e-10
0.757473  7.43249e-11
0.764454  7.43249e-11
0.771436  5.28302e-11
0.778417  5.28302e-11
0.785398  3.74493e-11
0.792379  3.74493e-11
0.799361  2.64737e-11
0.806342  2.64737e-11
0.813323  1.86636e-11
0.820305  1.86636e-11
0.827286  1.31216e-11
0.834267  1.31216e-11
0.841249  9.19986e-12
0.84823  9.19986e-12
0.855211  6.43253e-12
0.862193  6.43253e-12
0.869174  4.48524e-12
0.876155  4.48524e-12
0.883137  3.11883e-12
0.890118  3.11883e-12
0.897099  2.16271e-12
0.904081  2.16271e-12
0.911062  1.49556e-12
0.918043  1.49557e-12
0.925025  1.03136e-12
0.932006  1.03137e-12
0.938987  7.09275e-13
0.945968  7.09286e-13
0.95295  4.86432e-13
0.959931  4.86449e-13
0.966912  3.32692e-13
0.973894  3.32717e-13
0.980875  2.26932e-13
0.987856  2.2697e-13
0.994838  1.54395e-13
1.00182  1.54453e-13
1.0088  1.04803e-13
1.01578  1.04889e-13
1.02276  7.10188e-14
1.02974  7.11467e-14
1.03673  4.81067e-14
1.04371  4.82974e-14
1.05069  3.2669e-14
1.05767  3.29527e-14
1.06465  2.23817e-14
1.07163  2.28025e-14
1.07861  1.56727e-14
1.08559  1.62955e-14
1.09258  1.15004e-14
1.09956  1.24199e-14
1.10654  9.20413e-15
1.11352  1.05584e-14
1.1205  8.40797e-15
1.12748  1.03978e-14
1.13446  8.96381e-15
1.14145  1.18802e-14
1.14843  1.09267e-14
1.15541  1.51908e-14
1.16239  1.45586e-14
1.16937  2.07778e-14
1.17635  2.03599e-14
1.18333  2.94088e-14
1.19031  2.91333e-14
1.1973  4.22671e-14
1.20428  4.2086e-14
1.21126  6.11026e-14
1.21824  6.09839e-14
1.22522  8.8451e-14
1.2322  8.83734e-14
1.23918  1.2795e-13
1.24617  1.27899e-13
1.25315  1.84784e-13
1.26013  1.84751e-13
1.26711  2.66316e-13
1.27409  2.66294e-13
1.28107  3.82961e-13
1.28805  3.82947e-13
1.29503  5.49415e-13
1.30202  5.49406e-13
1.309  7.86356e-13
1.31598  7.8635e-13
1.32296  1.1228e-12
1.32994  1.1228e-12
1.33692  1.59937e-12
1.3439  1.59937e-12
1.35088  2.27278e-12
1.35787  2.27278e-12
1.36485  3.22199e-12
1.37183  3.22199e-12
1.37881  4.55673e-12
1.38579  4.55673e-12
1.39277  6.42897e-12
1.39975  6.42897e-12
1.40674  9.04879e-12
1.41372  9.04879e-12
1.4207  1.27058e-11
1.42768  1.27058e-11
1.43466  1.7798e-11
1.44164  1.7798e-11
1.44862  2.48716e-11
1.4556  2.48716e-11
1.46259  3.46734e-11
1.46957  3.46734e-11
1.47655  4.82226e-11
1.48353  4.82226e-11
1.49051  6.69063e-11
1.49749  6.69063e-11
1.50447  9.26072e-11
1.51146  9.26072e-11
1.51844  1.27875e-10
1.52542  1.27875e-10
1.5324  1.76152e-10
1.53938  1.76152e-10
1.54636  2.42076e-10
1.55334  2.42076e-10
1.56032  3.31879e-10
1.56731  3.31879e-10
1.57429  4.53911e-10
1.58127  4.53911e-10
1.58825  6.19333e-10
1.59523  6.19333e-10
1.60221  8.43028e-10
1.60919  8.43028e-10
1.61617  1.14478e-09
1.62316  1.14478e-09
1.63014  1.55084e-09
1.63712  1.55084e-09
1.6441  2.09593e-09
1.65108  2.09593e-09
1.65806  2.82585e-09
1.66504  2.82585e-09
1.67203  3.80091e-09
1.67901  3.80091e-09
1.68599  5.10023e-09
1.69297  5.10023e-09
1.69995  6.82744e-09
1.70693  6.82744e-09
1.71391  9.11782e-09
1.72089  9.11782e-09
1.72788  1.21476e-08
1.73486  1.21476e-08
1.74184  1.61456e-08
1.74882  1.61456e-08
1.7558  2.14085e-08
1.76278  2.14085e-08
1.76976  2.83194e-08
1.77675  2.83194e-08
1.78373  3.73722e-08
1.79071  3.73722e-08
1.79769  4.92018e-08
1.80467  4.92018e-08
1.81165  6.46219e-08
1.81863  6.46219e-08
1.82561  8.46734e-08
1.8326  8.46734e-08
1.83958  1.10683e-07
1.84656  1.10683e-07
1.85354  1.4434e-07
1.86052  1.4434e-07
1.8675  1.87784e-07
1.87448  1.87784e-07
1.88146  2.43726e-07
1.88845  2.43726e-07
1.89543  3.15583e-07
1.90241  3.15583e-07
1.90939  4.07657e-07
1.91637  4.07657e-07
1.92335  5.25347e-07
1.93033  5.25347e-07
1.93732  6.75413e-07
1.9443  6.75413e-07
1.95128  8.66291e-07
1.95826  8.66291e-07
1.96524  1.10848e-06
1.97222  1.10848e-06
1.9792  1.41504e-06
1.98618  1.41504e-06
1.99317  1.80209e-06
2.00015  1.80209e-06
2.00713  2.28961e-06
2.01411  2.28961e-06
2.02109  2.90214e-06
2.02807  2.90214e-06
2.03505  3.66986e-06
2.04204  3.66986e-06
2.04902  4.62972e-06
2.056  4.62972e-06
2.06298  5.82687e-06
2.06996  5.82687e-06
2.07694  7.3163e-06
2.08392  7.3163e-06
2.0909  9.16482e-06
2.09789  9.16482e-06
2.10487  1.14534e-05
2.11185  1.14534e-05
2.11883  1.42797e-05
2.12581  1.42797e-05
2.13279  1.77617e-05
2.13977  1.77617e-05
2.14675  2.20408e-05
2.15374  2.20408e-05
2.16072  2.72866e-05
2.1677  2.72866e-05
2.17468  3.37017e-05
2.18166  3.37017e-05
2.18864  4.15275e-05
2.19562  4.15275e-05
2.20261  5.10505e-05
2.20959  5.10505e-05
2.21657  6.26104e-05
2.22355  6.26104e-05
2.23053  7.66083e-05
2.23751  7.66083e-05
2.24449  9.35168e-05
2.25147  9.35168e-05
2.25846  0.00011389
2.26544  0.00011389
2.27242  0.000138379
2.2794  0.000138379
2.28638  0.000167741
2.29336  0.000167741
2.30034  0.00020286
2.30733  0.00020286
2.31431  0.000244761
2.32129  0.000244761
2.32827  0.00029463
2.33525  0.00029463
2.34223  0.000353835
2.34921  0.000353835
2.35619  0.000423952
2.36318  0.000423952
2.37016  0.000506786
2.37714  0.000506786
2.38412  0.000604402
2.3911  0.000604402
2.39808  0.000719154
2.40506  0.000719154
2.41205  0.000853717
2.41903  0.000853717
2.42601  0.00101112
2.43299  0.00101112
2.43997  0.00119479
2.44695  0.00119479
2.45393  0.00140857
2.46091  0.00140857
2.4679  0.00165678
2.47488  0.00165678
2.48186  0.00194427
2.48884  0.00194427
2.49582  0.00227641
2.5028  0.00227641
2.50978  0.0026592
2.51676  0.0026592
2.52375  0.00309926
2.53073  0.00309926
2.53771  0.00360391
2.54469  0.00360391
2.55167  0.0041812
2.55865  0.0041812
2.56563  0.00483993
2.57262  0.00483993
2.5796  0.00558975
2.58658  0.00558975
2.59356  0.00644112
2.60054  0.00644112
2.60752  0.00740541
2.6145  0.00740541
2.62148  0.00849486
2.62847  0.00849486
2.63545  0.00972267
2.64243  0.00972267
2.64941  0.011103
2.65639  0.011103
2.66337  0.0126509
2.67035  0.0126509
2.67734  0.0143824
2.68432  0.0143824
2.6913  0.0163144
2.69828  0.0163144
2.70526  0.0184649
2.71224  0.0184649
2.71922  0.0208526
2.7262  0.0208526
2.73319  0.023497
2.74017  0.023497
2.74715  0.0264184
2.75413  0.0264184
2.76111  0.0296378
2.76809  0.0296378
2.77507  0.0331768
2.78205  0.0331768
2.78904  0.0370574
2.79602  0.0370574
2.803  0.0413019
2.80998  0.0413019
2.81696  0.0459328
2.82394  0.0459328
2.83092  0.0509728
2.83791  0.0509728
2.84489  0.0564443
2.85187  0.0564443
2.85885  0.0623694
2.86583  0.0623694
2.87281  0.0687696
2.87979  0.0687696
2.88677  0.0756657
2.89376  0.0756657
2.90074  0.0830775
2.90772  0.0830775
2.9147  0.0910238
2.92168  0.0910238
2.92866  0.0995217
2.93564  0.0995217
2.94263  0.108587
2.94961  0.108587
2.95659  0.118232
2.96357  0.118232
2.97055  0.12847
2.97753  0.12847
2.98451  0.139309
2.99149  0.139309
2.99848  0.150756
3.00546  0.150756
3.01244  0.162815
3.01942  0.162815
3.0264  0.175486
3.03338  0.175486
3.04036  0.188767
3.04734  0.188767
3.05433  0.202652
3.06131  0.202652
3.06829  0.217132
3.07527  0.217132
3.08225  0.232195
3.08923  0.232195
3.09621  0.247825
3.1032  0.247825
3.11018  0.264002
3.11716  0.264002
3.12414  0.280704
3.13112  0.280704
3.1381  0.297903
3.14508  0.297903
3.15206  0.31557
3.15905  0.31557
3.16603  0.333672
3.17301  0.333672
3.17999  0.352173
3.18697  0.352173
3.19395  0.371034
3.20093  0.371034
3.20792  0.390213
3.2149  0.390213
3.22188  0.409666
3.22886  0.409666
3.23584  0.429347
3.24282  0.429347
3.2498  0.449209
3.25678  0.449209
3.26377  0.469203
3.27075  0.469203
3.27773  0.489277
3.28471  0.489277
3.29169  0.509383
3.29867  0.509383
3.30565  0.529468
3.31263  0.529468
3.31962  0.549482
3.3266  0.549482
3.33358  0.569374
3.34056  0.569374
3.34754  0.589094
3.35452  0.589094
3.3615  0.608596
3.36849  0.608596
3.37547  0.627832
3.38245  0.627832
3.38943  0.646757
3.39641  0.646757
3.40339  0.665329
3.41037  0.665329
3.41735  0.683508
3.42434  0.683508
3.43132  0.701258
3.4383  0.701258
3.44528  0.718543
3.45226  0.718543
3.45924  0.735335
3.46622  0.735335
3.47321  0.751604
3.48019  0.751604
3.48717  0.767327
3.49415  0.767327
3.50113  0.782483
3.50811  0.782483
3.51509  0.797056
3.52207  0.797056
3.52906  0.811032
3.53604  0.811032
3.54302  0.824401
3.55  0.824401
3.55698  0.837157
3.56396  0.837157
3.57094  0.849297
3.57792  0.849297
3.58491  0.860821
3.59189  0.860821
3.59887  0.871731
3.60585  0.871731
3.61283  0.882036
3.61981  0.882036
3.62679  0.891742
3.63378  0.891742
3.64076  0.900861
3.64774  0.900861
3.65472  0.909407
3.6617  0.909407
3.66868  0.917395
3.67566  0.917395
3.68264  0.924843
3.68963  0.924843
3.69661  0.931768
3.70359  0.931768
3.71057  0.938192
3.71755  0.938192
3.72453  0.944134
3.73151  0.944134
3.7385  0.949617
3.74548  0.949617
3.75246  0.954664
3.75944  0.954664
3.76642  0.959297
3.7734  0.959297
3.78038  0.963538
3.78736  0.963538
3.79435  0.967412
3.80133  0.967412
3.80831  0.970941
3.81529  0.970941
3.82227  0.974146
3.82925  0.974146
3.83623  0.977051
3.84322  0.977051
3.8502  0.979676
3.85718  0.979676
3.86416  0.982043
3.87114  0.982043
3.87812  0.984171
3.8851  0.984171
3.89208  0.986079
3.89907  0.986079
3.90605  0.987786
3.91303  0.987786
3.92001  0.989309
3.92699  0.989308
3.93397  0.990663
3.94095  0.990663
3.94793  0.991866
3.95492  0.991866
3.9619  0.99293
3.96888  0.99293
3.97586  0.99387
3.98284  0.993869
3.98982  0.994697
3.9968  0.994696
4.00379  0.995423
4.01077  0.995423
4.01775  0.996059
4.02473  0.996059
4.03171  0.996615
4.03869  0.996614
4.04567  0.997099
4.05265  0.997098
4.05964  0.997519
4.06662  0.997518
4.0736  0.997883
4.08058  0.997881
4.08756  0.998197
4.09454  0.998195
4.10152  0.998467
4.10851  0.998465
4.11549  0.998699
4.12247  0.998696
4.12945  0.998897
4.13643  0.998894
4.14341  0.999066
4.15039  0.999061
4.15737  0.999208
4.16436  0.999203
4.17134  0.999327
4.17832  0.999321
4.1853  0.999427
4.19228  0.999419
4.19926  0.999509
4.20624  0.999499
4.21322  0.999575
4.22021  0.999563
4.22719  0.999627
4.23417  0.999613
4.24115  0.999666
4.24813  0.999649
4.25511  0.999694
4.26209  0.999674
4.26908  0.999711
4.27606  0.999687
4.28304  0.999718
4.29002  0.999689
4.297  0.999715
4.30398  0.99968
4.31096  0.999701
4.31794  0.999659
4.32493  0.999677
4.33191  0.999627
4.33889  0.999642
4.34587  0.999582
4.35285  0.999594
4.35983  0.999524
4.36681  0.999534
4.3738  0.999451
4.38078  0.999459
4.38776  0.999362
4.39474  0.999368
4.40172  0.999254
4.4087  0.999259
4.41568  0.999124
4.42266  0.999129
4.42965  0.998971
4.43663  0.998975
4.44361  0.998791
4.45059  0.998794
4.45757  0.99858
4.46455  0.998583
4.47153  0.998334
4.47851  0.998336
4.4855  0.998049
4.49248  0.99805
4.49946  0.997718
4.50644  0.997719
4.51342  0.997336
4.5204  0.997337
4.52738  0.996897
4.53437  0.996898
4.54135  0.996393
4.54833  0.996394
4.55531  0.995817
4.56229  0.995817
4.56927  0.995158
4.57625  0.995159
4.58323  0.994409
4.59022  0.994409
4.5972  0.993558
4.60418  0.993558
4.61116  0.992594
4.61814  0.992594
4.62512  0.991505
4.6321  0.991505
4.63909  0.990277
4.64607  0.990277
4.65305  0.988897
4.66003  0.988897
4.66701  0.987349
4.67399  0.987349
4.68097  0.985617
4.68795  0.985617
4.69494  0.983685
4.70192  0.983685
4.7089  0.981535
4.71588  0.981535
4.72286  0.979147
4.72984  0.979147
4.73682  0.976503
4.7438  0.976503
4.75079  0.973582
4.75777  0.973582
4.76475  0.970362
4.77173  0.970362
4.77871  0.966823
4.78569  0.966823
4.79267  0.962943
4.79966  0.962943
4.80664  0.958698
4.81362  0.958698
4.8206  0.954067
4.82758  0.954067
4.83456  0.949027
4.84154  0.949027
4.84852  0.943556
4.85551  0.943556
4.86249  0.937631
4.86947  0.937631
4.87645  0.93123
4.88343  0.93123
4.89041  0.924334
4.89739  0.924334
4.90438  0.916922
4.91136  0.916922
4.91834  0.908976
4.92532  0.908976
4.9323  0.900478
4.93928  0.900478
4.94626  0.891413
4.95324  0.891413
4.96023  0.881768
4.96721  0.881768
4.97419  0.87153
4.98117  0.87153
4.98815  0.860691
4.99513  0.860691
5.00211  0.849244
5.00909  0.849244
5.01608  0.837185
5.02306  0.837185
5.03004  0.824514
5.03702  0.824514
5.044  0.811233
5.05098  0.811233
5.05796  0.797348
5.06495  0.797348
5.07193  0.782868
5.07891  0.782868
5.08589  0.767805
5.09287  0.767805
5.09985  0.752175
5.10683  0.752175
5.11381  0.735998
5.1208  0.735998
5.12778  0.719296
5.13476  0.719296
5.14174  0.702097
5.14872  0.702097
5.1557  0.68443
5.16268  0.68443
5.16967  0.666328
5.17665  0.666328
5.18363  0.647827
5.19061  0.647827
5.19759  0.628966
5.20457  0.628966
5.21155  0.609787
5.21853  0.609787
5.22552  0.590334
5.2325  0.590334
5.23948  0.570653
5.24646  0.570653
5.25344  0.550791
5.26042  0.550791
5.2674  0.530797
5.27438  0.530797
5.28137  0.510723
5.28835  0.510723
5.29533  0.490617
5.30231  0.490617
5.30929  0.470532
5.31627  0.470532
5.32325  0.450518
5.33024  0.450518
5.33722  0.430626
5.3442  0.430626
5.35118  0.410906
5.35816  0.410906
5.36514  0.391404
5.37212  0.391404
5.3791  0.372168
5.38609  0.372168
5.39307  0.353243
5.40005  0.353243
5.40703  0.334671
5.41401  0.334671
5.42099  0.316492
5.42797  0.316492
5.43496  0.298742
5.44194  0.298742
5.44892  0.281457
5.4559  0.281457
5.46288  0.264665
5.46986  0.264665
5.47684  0.248396
5.48382  0.248396
5.49081  0.232673
5.49779  0.232673
5.50477  0.217517
5.51175  0.217517
5.51873  0.202944
5.52571  0.202944
5.53269  0.188968
5.53968  0.188968
5.54666  0.175599
5.55364  0.175599
5.56062  0.162843
5.5676  0.162843
5.57458  0.150703
5.58156  0.150703
5.58854  0.139179
5.59553  0.139179
5.60251  0.128269
5.60949  0.128269
5.61647  0.117964
5.62345  0.117964
5.63043  0.108258
5.63741  0.108258
5.64439  0.0991388
5.65138  0.0991388
5.65836  0.0905928
5.66534  0.0905928
5.67232  0.0826047
5.6793  0.0826047
5.68628  0.0751572
5.69326  0.0751572
5.70025  0.0682318
5.70723  0.0682318
5.71421  0.0618083
5.72119  0.0618083
5.72817  0.0558658
5.73515  0.0558658
5.74213  0.0503825
5.74911  0.0503825
5.7561  0.0453359
5.76308  0.0453359
5.77006  0.0407032
5.77704  0.0407032
5.78402  0.0364615
5.791  0.0364615
5.79798  0.0325878
5.80497  0.0325878
5.81195  0.0290594
5.81893  0.0290594
5.82591  0.0258538
5.83289  0.0258538
5.83987  0.022949
5.84685  0.022949
5.85383  0.0203236
5.86082  0.0203236
5.8678  0.017957
5.87478  0.017957
5.88176  0.015829
5.88874  0.015829
5.89572  0.0139207
5.9027  0.0139207
5.90968  0.0122138
5.91667  0.0122138
5.92365  0.0106911
5.93063  0.0106911
5.93761  0.0093361
5.94459  0.0093361
5.95157  0.00813358
5.95855  0.00813358
5.96554  0.00706914
5.97252  0.00706914
5.9795  0.00612939
5.98648  0.00612939
5.99346  0.00530188
6.00044  0.00530188
6.00742  0.00457511
6.0144  0.00457511
6.02139  0.00393848
6.02837  0.00393848
6.03535  0.00338228
6.04233  0.00338228
6.04931  0.00289761
6.05629  0.00289761
6.06327  0.00247638
6.07026  0.00247638
6.07724  0.00211125
6.08422  0.00211125
6.0912  0.00179557
6.09818  0.00179557
6.10516  0.00152337
6.11214  0.00152337
6.11912  0.00128927
6.12611  0.00128927
6.13309  0.00108847
6.14007  0.00108847
6.14705  0.000916687
6.15403  0.000916687
6.16101  0.000770111
6.16799  0.000770111
6.17497  0.000645375
6.18196  0.000645375
6.18894  0.000539503
6.19592  0.000539503
6.2029  0.000449881
6.20988  0.000449881
6.21686  0.000374214
6.22384  0.000374214
6.23083  0.000310499
6.23781  0.000310499
6.24479  0.000256988
6.25177  0.000256988
6.25875  0.000212168
6.26573  0.000212168
6.27271  0.000174725
6.27969  0.000174725
